Point(0) = { 1.000000, 0.0, 0};
Point(1) = { 0.9817921, 0.3786310E-02, 0};
Point(2) = { 0.9542853, 0.7498265E-02, 0};
Point(3) = { 0.9225621, 0.1163056E-01, 0};
Point(4) = { 0.8894123, 0.1578742E-01, 0};
Point(5) = { 0.8558844, 0.1983189E-01, 0};
Point(6) = { 0.8222473, 0.2373401E-01, 0};
Point(7) = { 0.7885682, 0.2748870E-01, 0};
Point(8) = { 0.7548692, 0.3109456E-01, 0};
Point(9) = { 0.7211629, 0.3454917E-01, 0};
Point(10) = { 0.6874598, 0.3784804E-01, 0};
Point(11) = { 0.6537704, 0.4098434E-01, 0};
Point(12) = { 0.6201054, 0.4394875E-01, 0};
Point(13) = { 0.5864761, 0.4672933E-01, 0};
Point(14) = { 0.5528945, 0.4931138E-01, 0};
Point(15) = { 0.5193735, 0.5167730E-01, 0};
Point(16) = { 0.4859275, 0.5380640E-01, 0};
Point(17) = { 0.4525726, 0.5567466E-01, 0};
Point(18) = { 0.4193274, 0.5725444E-01, 0};
Point(19) = { 0.3862139, 0.5851409E-01, 0};
Point(20) = { 0.3532589, 0.5941752E-01, 0};
Point(21) = { 0.3204958, 0.5992350E-01, 0};
Point(22) = { 0.2879678, 0.5998493E-01, 0};
Point(23) = { 0.2557333, 0.5954787E-01, 0};
Point(24) = { 0.2238746, 0.5855045E-01, 0};
Point(25) = { 0.1925165, 0.5692244E-01, 0};
Point(26) = { 0.1618656, 0.5458755E-01, 0};
Point(27) = { 0.1322979, 0.5147670E-01, 0};
Point(28) = { 0.1045235, 0.4757361E-01, 0};
Point(29) = { 0.7972182E-01, 0.4301415E-01, 0};
Point(30) = { 0.5916331E-01, 0.3815331E-01, 0};
Point(31) = { 0.4324958E-01, 0.3339626E-01, 0};
Point(32) = { 0.3129899E-01, 0.2894798E-01, 0};
Point(33) = { 0.2229042E-01, 0.2480817E-01, 0};
Point(34) = { 0.1539449E-01, 0.2088944E-01, 0};
Point(35) = { 0.1006489E-01, 0.1708960E-01, 0};
Point(36) = { 0.5981531E-02, 0.1331770E-01, 0};
Point(37) = { 0.2988242E-02, 0.9510196E-02, 0};
Point(38) = { 0.1037327E-02, 0.5658783E-02, 0};
Point(39) = { 0.1078297E-03, 0.1841642E-02, 0};
Point(40) = { 0.1078297E-03, -0.1841642E-02, 0};
Point(41) = { 0.1037327E-02, -0.5658783E-02, 0};
Point(42) = { 0.2988242E-02, -0.9510196E-02, 0};
Point(43) = { 0.5981531E-02, -0.1331770E-01, 0};
Point(44) = { 0.1006489E-01, -0.1708960E-01, 0};
Point(45) = { 0.1539449E-01, -0.2088944E-01, 0};
Point(46) = { 0.2229042E-01, -0.2480817E-01, 0};
Point(47) = { 0.3129899E-01, -0.2894798E-01, 0};
Point(48) = { 0.4324958E-01, -0.3339626E-01, 0};
Point(49) = { 0.5916331E-01, -0.3815331E-01, 0};
Point(50) = { 0.7972182E-01, -0.4301415E-01, 0};
Point(51) = { 0.1045235, -0.4757361E-01, 0};
Point(52) = { 0.1322979, -0.5147670E-01, 0};
Point(53) = { 0.1618656, -0.5458755E-01, 0};
Point(54) = { 0.1925165, -0.5692244E-01, 0};
Point(55) = { 0.2238746, -0.5855045E-01, 0};
Point(56) = { 0.2557333, -0.5954787E-01, 0};
Point(57) = { 0.2879678, -0.5998493E-01, 0};
Point(58) = { 0.3204958, -0.5992350E-01, 0};
Point(59) = { 0.3532589, -0.5941752E-01, 0};
Point(60) = { 0.3862139, -0.5851409E-01, 0};
Point(61) = { 0.4193274, -0.5725444E-01, 0};
Point(62) = { 0.4525726, -0.5567466E-01, 0};
Point(63) = { 0.4859275, -0.5380640E-01, 0};
Point(64) = { 0.5193735, -0.5167730E-01, 0};
Point(65) = { 0.5528945, -0.4931138E-01, 0};
Point(66) = { 0.5864761, -0.4672933E-01, 0};
Point(67) = { 0.6201054, -0.4394875E-01, 0};
Point(68) = { 0.6537704, -0.4098434E-01, 0};
Point(69) = { 0.6874598, -0.3784804E-01, 0};
Point(70) = { 0.7211629, -0.3454917E-01, 0};
Point(71) = { 0.7548692, -0.3109456E-01, 0};
Point(72) = { 0.7885682, -0.2748870E-01, 0};
Point(73) = { 0.8222473, -0.2373401E-01, 0};
Point(74) = { 0.8558844, -0.1983189E-01, 0};
Point(75) = { 0.8894123, -0.1578742E-01, 0};
Point(76) = { 0.9225621, -0.1163056E-01, 0};
Point(77) = { 0.9542853, -0.7498265E-02, 0};
Point(78) = { 0.9817921, -0.3786310E-02, 0};
